CALCULUS I
ASSIGNED PROBLEMS
Section	
Problems

1.1	
#4, 14, 16, 20, 21, 27, 32, 38, 50, 55, 67, 69, 71, 73

1.2	
#4, 8b, 9, 10, 15, 16, 19, 20

1.3	
#4, 9, 10, 11, 13, 14, 22, 28, 29, 32, 46, 51, 63

1.4	
#1, 3, 6, 8

1.5	
#1, 2, 3, 6, 8, 11, 17, 25, 33, 34, 41, 44

1.6	
#1, 2, 7, 10, 14, 16, 17, 30, 37, 49, 50, 54

1.8	
#3, 7, 11, 18, 22, 28, 29, 35, 43, 45, 47, 49, 50, 51, 65

2.1	
#3, 7, 11, 12, 13, 17, 18, 19, 20, 21, 29, 33, 35, 41, 43, 47, 48, 50

2.2	
#1, 3, 5, 9, 10, 11, 12, 23, 25, 27, 34, 35, 41, 51

2.3	
#21, 25, 35, 58, 63, 67, 70, 72, 75, 80, 83, 86, 95, 97, 100, 103

2.4	
#3, 4, 10, 11, 17, 21, 25a, 29, 31, 32, 34, 37, 49

2.5	
#8, 12, 19, 25, 26, 31, 37, 49, 52, 59, 61, 63, 65, 73, 78

2.6	
#1, 10, 11, 15, 17, 21, 25, 29, 57

2.8	
#4, 5, 6, 7, 9, 12, 25, 29, 33, 35, 43, 44

2.9	
#2, 3, 6, 11, 15, 18, 22, 23, 27, 41, 42

3.1	
#3, 5, 9, 12, 17, 23, 35, 39, 41, 47, 53, 60, 62, 63

3.2	
#4, 5, 7, 11, 14, 15, 20, 23, 25, 32, 33

3.3	
#7, 8, 11, 14, 16, 18, 21, 26, 27, 32, 37, 40, 50, 51, 52

3.4	
#3, 8, 12, 18, 19, 35, 41, 45, 53, 57, 59

3.5	
#1, 5, 12, 21, 25, 30, 35, 47

3.7	
#11, 16, 23, 33, 35, 46, 59, 70, 72

6.1	
#19, 20, 21, 24, 32, 37, 38, 39, 41, 43